0.776828357270773
-0.6548016236552705
-0.6904755202931885
0.021741069140492897
-0.507724983294779
-0.8024640093657929
-0.171546889878329
-0.9478818379786123
-0.5510061211386346
-0.8567049538092013
0.18121132692094655
-0.9722826074600579
-0.7557031983856517
0.6587830089802811
-0.13628075727011701
-0.5626226039043343
-0.4406229133854478
0.27120671129952645
-0.6492697018310387
0.07501360856427386
-0.20532923075634768
0.7667265467863642
-0.5206957209068146
0.8277912195718602
0.2650335678059854
-0.9649409046233539
-0.40865650511049845
-0.7712737049713316
0.7930774875470179
0.7205402354787571
0.6536205471778538
-0.2914949571518215
-0.5753071353114845
-0.744102748557244
0.8560849730275275
0.4197282984044317
-0.831095443021566
0.5316912366092428
0.2608855707778528
-0.13282597523158102
0.28075726094963005
0.7012516404847571
0.3527796865677859
-0.25589295982519644
-0.05282232568287859
0.9331215774929094
-0.8944663822127414
-0.3988592756437219
-0.6936735687056388
-0.08341777919275417
-0.1141614296954101
-0.938806253382866
0.87936367144052
-0.04918325312177063
-0.5539595188085671
-0.3650369088790668
0.8742671958649768
-0.7166500005292131
0.031988548282235074
0.01316489600056503
0.07689020312275341
0.9057419216748959
0.1189469258100817
-0.19291234608110885
