3590.054752915867
3890.3456217980615
3676.9985234220117
3698.803838072802
3743.3631766790522
3499.5148866659374
3806.626712959962
3094.9484907314327
3462.8789581812903
3596.9282080757807
3771.115736219981
3937.2223609983253
3377.84385580193
3761.913630948607
3060.1349840731455
3745.988064083275
3524.6350591243463
3771.11948605913
3454.599313340543
2956.8156660038017
3330.0259069752956
2983.0382911719835
3988.2164235840696
3561.2747374481423
3846.420006007974
3411.599907820231
3706.3747633144094
3970.539681836206
3734.374812239165
3053.141534060467
3525.392526632422
3580.4326656598173
3297.7847899731464
3563.8771258174716
3960.790100049094
3427.052994952803
3214.5571100635507
3363.541969288067
3903.706298685554
3468.732457092706
3161.1031529961356
3523.8100945115907
3639.327639332271
3039.2221311397902
3688.113046659319
3846.8924857407337
3396.225567309785
3902.483851123016
3317.4039484001346
3365.064403982516
3509.9356896607005
3344.6465298168146
3730.6924701949556
3775.1768120182282
3121.294860591528
3363.4557229876423
4036.308110668573
3438.8087406845707
3865.7129284290086
3528.0849111413245
3400.9578643156833
3086.9275847919585
3410.5237039844997
4242.7930034021565
3717.7517752921394
3392.6032226919583
3786.9700561414847
3151.7173056064657
3759.716225207358
4169.161161874568
4265.412033148255
3295.651131497428
3662.471646559215
3574.7366599926545
3572.2242677628988
3675.6860797199006
3757.383825256749
3816.4212928168604
3156.6445942481064
4244.43543294937
3155.635887517055
3656.205665341421
3653.734521342303
3607.678996915646
2856.2787285829336
3711.5157927875366
3894.2079561214177
3143.325165591252
3389.194618905618
3802.9143722025615
4314.78241538253
3971.6833827766172
3029.3638040173605
3595.7470087438805
3682.7020287674723
3657.5368582392766
3740.592045548023
3400.8753678544076
3386.3859893831
3628.3293611085787
3031.1187287390408
4573.821303787796
3873.658837585505
3710.814572866694
3277.693151813398
3052.620306418771
3735.166028299581
3616.8736025087223
4016.257720739463
3351.954966317999
3863.2905323388263
3587.519861651218
3782.657741120262
3453.504360309067
3913.9996071492546
3696.643930723042
3680.0133940977184
3889.8806417435994
3595.3607753115452
3443.9422704794
3137.970395286638
4148.432051059509
3586.0499247048533
3120.312402734519
3644.318675239442
3642.8674874888225
4456.620081189264
3795.7071813583966
