957389
1037470
980575
986390
998273
933244
1015144
825355
923474
959222
1005674
1049971
900797
1003220
816071
998973
939943
1005675
921266
788518
888045
795511
1063570
949714
1025756
909799
988409
1058856
995876
814206
940145
954823
879447
950408
1056256
913920
857252
896983
1041033
925035
842997
939723
970529
810494
983539
1025882
905699
1040707
884679
897389
936023
891944
994894
1006757
832381
896960
1076395
917055
1030901
940863
906961
823216
909512
1131460
991443
904733
1009902
840494
1002634
1111824
1137492
878878
976701
953304
952634
980225
1002012
1017756
841808
1131898
841539
975030
974371
962089
761707
989780
1038500
838256
903824
1014154
1150658
1059161
807865
958907
982096
975385
997534
906939
903075
967596
808333
1219738
1033020
989593
874089
814067
996087
964541
1071048
893893
1030255
956713
1008752
920974
1043778
985814
981379
1037346
958804
918424
836828
1106296
956321
832119
971860
971473
1188483
1012232
