213 255 213 204 96 186 209 38 12 235 48 63 213 79 161 106 96 46 39 72 124 229 196 225 101 59 106 60 98 81 26 213 129 240 143 30 102 156 224 224 190 100 2 249 182 166 92 142 219 44 57 159 208 124 169 61 12 61 139 247 86 81 117 61 
141 114 118 243 210 183 156 177 89 79 168 35 243 56 74 109 18 86 142 177 60 215 80 143 87 206 51 206 125 2 115 108 174 236 156 199 122 127 230 83 213 178 178 29 223 115 92 31 44 154 148 219 228 157 173 144 214 55 38 245 31 150 48 186 
92 125 92 160 107 131 26 227 232 242 240 254 223 208 68 235 238 175 204 151 241 97 83 86 172 220 157 216 25 218 131 136 220 25 28 200 145 63 134 108 17 5 153 252 241 224 187 66 98 220 214 189 182 133 4 136 98 239 45 159 44 160 7 88 
97 140 78 255 194 82 151 111 155 5 132 125 129 250 37 232 105 230 85 81 3 229 34 20 32 66 58 117 216 175 96 207 43 101 81 215 78 17 208 208 221 215 197 159 20 141 178 176 10 232 31 170 42 62 99 88 112 154 173 67 91 153 135 63 
89 141 221 156 140 104 188 224 235 74 58 51 139 189 38 190 139 91 2 132 144 109 196 57 87 168 71 60 33 50 109 145 110 194 191 226 38 165 193 62 103 241 90 247 240 88 174 158 88 98 248 122 136 68 208 33 129 63 28 174 118 238 200 233 
26 181 76 180 136 209 99 174 91 191 146 63 204 63 54 8 12 95 14 186 180 241 132 159 142 182 135 104 179 102 115 60 183 52 59 124 80 56 31 235 150 216 237 199 218 22 55 199 128 106 36 172 193 20 93 172 92 14 127 75 116 240 9 191 
3 82 3 21 131 207 77 39 231 74 144 8 57 15 192 246 148 135 83 70 187 129 68 155 17 224 188 100 147 226 206 65 233 112 208 11 42 139 251 54 184 205 139 169 87 172 204 91 125 61 65 147 196 12 123 132 198 248 232 127 202 178 47 179 
100 52 21 150 80 94 219 168 36 203 128 131 88 92 125 235 173 207 196 115 5 250 212 150 107 232 67 67 6 184 98 59 22 177 41 3 51 65 65 242 143 73 106 143 46 43 141 160 110 120 85 158 164 36 92 97 190 238 48 197 122 45 125 71 
109 135 152 233 97 100 63 16 207 206 241 26 137 237 219 182 119 111 79 223 52 180 32 177 115 88 162 179 7 149 200 205 127 72 111 125 247 76 175 193 172 120 35 154 148 118 150 6 224 128 82 48 17 106 99 237 79 182 136 47 93 2 31 111 
67 252 60 184 254 213 172 43 222 234 55 137 120 167 105 237 137 201 97 93 2 248 232 129 141 55 254 63 11 2 40 139 223 191 255 172 107 144 250 167 252 73 44 127 14 52 208 128 245 10 99 247 134 184 117 20 39 210 173 182 182 198 37 62 
211 237 144 252 245 46 102 189 125 216 238 170 211 169 99 169 165 138 94 83 66 191 94 38 44 164 31 219 92 40 218 173 165 21 37 130 129 95 217 76 154 236 86 52 120 86 175 208 43 97 116 228 239 88 249 120 164 69 82 203 185 89 201 22 
84 45 167 5 92 185 252 191 132 91 143 30 136 119 228 99 4 44 121 1 56 228 200 101 137 62 152 197 73 224 130 154 194 151 142 215 234 217 223 240 191 72 214 244 177 114 43 217 72 89 139 21 164 99 165 17 18 56 239 245 197 128 130 131 
41 24 39 54 81 179 135 229 74 63 25 11 27 82 83 135 250 96 240 89 22 103 41 170 42 32 246 252 230 186 192 207 151 94 8 61 58 157 225 190 213 2 12 37 185 70 12 190 198 93 108 143 211 202 121 232 96 146 7 72 21 254 176 189 
205 88 232 90 36 33 4 52 168 159 180 247 207 190 232 128 31 118 246 114 152 23 67 225 65 240 95 194 157 233 186 105 171 4 126 241 155 116 103 22 12 138 135 224 115 54 82 104 62 57 30 226 196 181 226 132 229 228 79 67 146 171 1 155 
228 81 238 42 17 79 245 218 97 120 2 176 149 51 230 43 244 105 138 66 86 86 134 167 84 31 111 171 106 70 63 27 32 11 54 48 247 30 82 97 126 251 4 93 69 244 187 62 103 92 141 76 53 139 49 127 162 125 44 58 177 95 228 144 
51 156 40 101 231 189 222 46 217 64 113 171 136 252 49 143 39 96 136 234 162 131 206 223 8 91 14 168 213 184 61 229 3 184 241 202 93 110 83 49 62 88 254 183 32 103 205 106 126 138 193 14 131 184 200 83 201 160 102 52 7 2 135 241 
206 91 85 237 145 157 149 229 53 88 245 5 170 83 119 210 222 26 251 158 56 208 250 228 184 241 22 224 88 1 208 96 254 155 66 242 57 12 59 127 187 108 195 47 110 232 56 49 52 212 11 106 3 43 253 212 2 107 102 89 128 117 76 107 
194 110 197 91 188 170 182 174 89 135 143 50 41 222 143 194 239 221 124 158 14 231 206 58 80 118 1 144 86 108 205 127 53 36 4 193 164 234 19 14 17 227 49 181 235 204 91 43 68 45 145 181 39 254 212 38 127 173 180 215 181 59 222 101 
16 42 242 171 216 176 61 174 70 182 221 205 67 46 142 77 195 138 47 26 201 29 116 12 138 254 81 121 119 27 253 241 113 153 30 255 39 108 195 116 68 223 77 180 139 247 222 98 214 87 90 166 17 191 99 199 88 151 76 99 158 179 237 172 
44 85 36 210 29 247 208 40 166 220 222 107 171 20 73 217 81 159 105 177 97 26 41 48 86 94 82 39 90 72 60 176 233 185 124 213 60 207 35 68 218 69 30 78 176 63 40 5 6 220 247 154 83 244 177 72 29 199 196 14 143 46 52 90 
150 122 129 32 103 36 137 188 53 215 195 149 41 191 71 97 72 75 20 44 60 116 117 27 162 10 13 204 146 147 53 13 53 238 137 114 93 208 21 198 26 111 67 50 185 236 89 86 29 215 86 199 71 234 148 193 76 169 136 255 215 100 65 192 
45 119 70 143 46 190 116 153 192 172 192 47 116 7 9 120 136 81 229 188 34 57 152 156 85 118 100 23 155 107 146 43 169 226 12 102 32 218 16 71 219 134 98 44 171 28 230 202 36 76 20 245 199 86 168 142 24 127 144 91 218 90 164 12 
16 251 175 180 252 58 198 222 46 177 222 36 169 188 220 146 131 178 238 134 232 121 43 252 188 107 153 147 11 240 132 179 23 78 23 44 60 117 203 124 220 7 192 15 196 11 187 176 231 200 3 119 253 81 150 252 178 228 72 153 213 144 252 54 
251 78 139 53 187 156 22 18 201 191 166 107 234 72 229 251 153 129 75 239 46 1 229 63 203 63 229 94 143 50 141 203 47 152 235 140 244 141 132 51 80 79 64 32 117 88 98 174 35 175 220 97 227 27 58 53 239 18 60 114 184 11 141 108 
230 216 158 200 205 160 219 147 236 36 134 200 10 64 68 54 64 151 225 40 127 143 209 247 106 24 149 141 213 222 31 28 50 219 57 117 223 168 103 254 218 220 249 52 183 113 255 64 62 119 2 137 10 119 20 121 108 250 244 61 152 16 210 249 
56 161 173 99 143 240 196 84 184 46 139 130 101 117 152 14 34 243 184 79 152 101 151 53 50 46 168 67 11 4 49 147 239 254 12 237 19 123 156 147 170 249 38 201 156 244 167 198 46 116 95 203 83 226 112 19 110 188 152 206 172 79 167 66 
196 111 45 172 105 194 182 3 221 43 81 162 134 70 92 190 93 195 95 244 196 43 152 147 213 72 8 67 98 76 127 79 65 82 65 172 9 57 249 188 168 112 93 60 162 239 62 78 130 66 136 233 201 216 10 29 98 58 113 86 241 119 203 74 
203 126 233 204 168 45 43 77 237 139 183 67 68 117 52 150 78 187 127 249 116 169 50 45 186 237 206 61 120 8 31 46 75 108 112 175 87 240 15 223 70 233 227 233 241 158 178 56 70 145 117 149 155 196 114 185 221 91 117 211 111 85 61 247 
201 63 124 142 110 106 15 253 240 244 184 67 14 142 168 1 60 126 229 106 63 91 75 253 179 138 1 223 71 93 197 35 11 191 166 117 248 104 30 59 238 150 8 24 134 207 41 132 215 129 136 79 106 255 62 223 183 188 47 68 218 145 113 202 
162 46 147 19 99 61 202 159 112 36 50 39 207 43 224 131 78 225 158 83 39 130 215 56 9 82 164 119 220 194 73 95 161 251 18 150 23 228 195 13 185 101 58 196 158 66 24 28 46 85 8 73 20 3 28 252 48 222 153 44 84 101 161 180 
43 56 91 118 106 165 195 30 52 121 216 35 157 146 95 121 166 54 132 205 184 48 113 231 104 0 249 239 215 83 71 142 70 114 107 100 134 67 73 5 192 31 223 141 127 56 106 205 78 216 239 243 66 187 175 31 109 166 133 117 58 148 237 229 
174 120 14 198 153 251 147 23 80 87 146 1 176 231 151 92 202 215 22 5 127 98 43 44 171 52 116 223 139 61 198 140 230 181 23 164 58 165 119 47 192 36 27 77 234 158 157 153 44 29 175 3 119 11 2 67 141 129 193 128 96 242 180 72 
126 250 127 14 250 128 60 37 127 82 55 236 215 77 112 35 159 93 234 152 68 114 203 27 183 88 130 27 55 192 2 72 6 59 41 243 246 203 80 138 132 178 97 178 116 7 103 207 44 237 33 164 93 152 209 66 66 112 207 148 231 223 110 129 
235 232 139 41 18 28 61 189 12 243 203 160 96 109 52 217 190 58 7 185 246 218 54 156 212 57 207 19 88 192 2 149 160 63 141 14 21 2 70 14 91 108 88 161 196 248 76 62 96 36 255 123 148 133 166 233 199 37 222 4 235 40 11 209 
162 16 49 12 62 162 33 22 45 135 192 15 74 36 204 77 202 197 1 204 233 48 233 24 7 124 17 10 189 91 195 17 199 24 246 148 68 150 202 124 231 219 199 205 44 203 174 23 152 227 32 72 241 120 171 93 44 9 159 172 200 195 206 171 
63 134 192 160 116 96 39 123 24 213 60 215 244 69 231 186 251 117 50 88 201 158 11 27 40 50 203 221 43 77 49 247 73 221 70 195 36 45 170 172 107 232 89 73 125 241 21 65 185 130 37 178 110 224 78 197 51 77 221 235 223 160 73 174 
178 58 80 245 172 238 81 188 63 7 157 226 124 154 19 109 107 95 1 62 55 17 11 9 52 224 243 172 207 171 115 231 166 87 57 30 190 57 196 216 85 81 13 39 153 121 139 205 186 239 39 41 172 154 180 188 137 131 1 185 201 139 40 28 
39 51 134 170 218 55 194 13 249 63 47 34 76 208 210 12 114 120 207 187 56 36 57 162 116 226 187 253 18 164 28 251 58 164 47 140 199 155 83 143 86 21 142 124 85 109 42 88 164 112 60 122 203 164 163 109 64 94 224 208 104 205 18 252 
99 155 172 80 198 185 239 34 179 253 63 170 17 214 154 117 203 22 54 77 156 103 101 204 233 88 50 229 178 186 97 227 51 178 216 222 253 127 220 53 20 86 36 41 142 185 141 87 219 94 164 124 123 111 216 170 254 175 59 180 14 103 121 211 
179 238 31 11 155 129 24 200 229 232 170 188 129 235 96 24 234 127 29 105 34 107 37 105 27 49 227 177 79 161 107 59 109 132 193 110 89 193 75 137 239 218 43 97 249 31 207 238 91 81 5 135 207 17 36 253 24 166 227 7 74 174 114 111 
12 158 206 107 232 115 7 113 146 133 241 129 67 8 151 180 46 75 233 78 137 144 183 133 223 24 81 133 89 49 165 21 70 82 30 43 243 128 35 179 160 142 59 247 217 196 113 172 166 133 55 45 204 191 141 239 46 172 93 103 14 9 92 189 
142 47 84 150 106 73 91 87 53 16 23 80 241 48 56 252 105 237 39 53 200 130 225 115 42 219 147 5 11 247 146 49 89 218 208 129 138 217 10 172 6 177 90 148 124 33 28 58 239 255 235 170 231 218 97 152 11 140 102 37 100 201 165 212 
153 153 52 135 66 183 4 37 251 93 81 166 44 37 114 200 40 190 242 231 122 238 155 31 50 240 60 68 95 54 168 76 55 234 212 25 15 121 9 95 204 237 113 196 22 219 99 3 216 154 223 75 96 114 163 213 39 108 233 233 197 120 155 216 
128 189 19 75 60 214 94 34 124 114 146 249 1 10 40 221 57 253 122 120 70 73 86 105 19 145 53 217 72 222 31 211 161 195 190 120 170 83 62 193 145 164 54 43 83 23 148 224 192 111 231 230 19 200 97 189 115 164 90 185 12 60 175 86 
184 104 49 10 130 65 193 203 71 178 119 83 192 52 110 238 47 53 234 191 247 234 131 168 227 135 134 5 36 207 119 186 244 67 248 212 33 84 184 32 68 93 234 18 24 128 205 34 184 88 177 91 124 56 86 169 139 161 195 95 47 180 6 41 
249 63 244 145 89 68 37 49 103 231 139 152 102 221 127 210 182 138 215 103 127 193 187 71 195 90 163 231 240 202 122 160 127 31 57 31 99 134 227 139 111 105 99 188 2 55 35 230 32 71 84 220 171 104 88 149 194 235 59 240 183 57 96 160 
255 242 49 212 28 100 212 78 216 35 19 114 82 234 129 182 48 27 166 151 190 154 93 186 89 16 153 79 6 131 82 172 241 112 24 90 86 128 67 164 213 19 88 237 127 183 58 100 36 172 24 202 139 93 108 147 33 219 25 215 71 52 251 96 
7 221 141 126 100 29 107 45 107 51 50 62 192 230 235 146 167 222 191 244 160 221 115 92 219 67 1 215 40 118 236 138 179 207 87 160 8 31 255 228 34 238 175 40 53 64 65 167 154 5 129 228 186 190 149 212 23 234 87 97 145 234 247 129 
166 218 180 232 151 78 53 93 29 43 64 64 43 9 99 122 30 139 100 17 135 170 207 47 255 185 142 222 121 158 156 216 190 62 42 23 215 156 46 251 20 30 52 56 156 135 198 81 41 212 55 163 90 98 97 193 243 190 171 22 236 204 64 36 
52 50 80 166 207 37 161 113 195 161 79 4 143 107 52 249 177 30 81 212 152 124 153 2 21 129 193 37 117 9 3 91 150 180 14 228 110 156 53 132 131 228 135 41 211 184 142 139 59 237 212 210 73 248 235 254 22 9 168 51 220 187 197 98 
139 138 220 179 106 88 191 80 28 244 209 226 9 90 16 75 100 104 183 241 67 201 91 52 137 82 167 3 120 56 150 192 120 43 51 96 9 95 142 103 49 178 185 193 21 127 252 36 48 192 161 132 28 186 242 169 134 96 76 21 199 207 218 149 
39 71 172 51 185 31 120 19 246 165 244 117 83 251 25 62 160 132 8 119 169 27 84 119 134 36 216 89 226 76 158 148 39 58 118 123 32 141 99 198 11 89 147 102 248 103 253 28 186 136 219 53 201 18 44 172 89 15 14 115 123 72 74 124 
174 184 212 44 188 37 168 94 200 172 22 94 64 143 84 181 210 50 125 254 230 179 54 151 121 94 120 50 32 228 95 12 142 106 19 248 85 163 106 16 183 148 133 62 78 214 33 224 189 235 150 144 201 60 104 18 24 59 239 128 203 67 254 49 
143 94 154 164 93 193 137 210 250 252 232 74 63 38 114 121 9 210 230 113 182 170 44 238 112 24 49 4 156 71 70 74 208 11 2 189 173 173 150 99 103 44 96 231 178 251 178 160 250 10 32 140 239 170 188 63 119 77 82 106 167 172 146 134 
109 172 81 44 20 39 28 250 156 162 236 4 244 135 1 144 74 147 66 195 66 4 208 252 158 96 56 223 134 40 13 81 81 159 97 76 236 206 13 235 231 241 113 146 31 113 244 46 148 14 19 120 128 73 149 220 63 66 94 70 46 76 75 243 
229 96 149 5 137 78 77 132 103 8 77 89 223 156 198 83 96 223 20 132 127 22 38 220 111 112 91 159 97 84 86 56 59 225 154 97 158 196 240 137 168 136 155 27 103 8 25 57 79 85 168 21 116 155 177 183 221 180 21 122 137 3 144 6 
124 125 114 90 81 172 163 52 8 155 83 36 198 213 197 140 125 65 174 161 60 221 112 189 60 190 34 156 242 14 86 60 104 226 231 192 111 209 220 170 57 147 243 113 10 205 74 124 146 87 137 88 98 76 143 248 114 191 172 247 255 133 46 163 
107 215 41 221 69 248 117 119 135 234 56 84 48 203 166 5 219 100 169 23 137 212 82 115 213 2 87 76 183 181 74 152 60 205 255 230 30 52 201 156 209 4 21 110 171 18 51 175 126 17 135 35 43 60 6 40 75 137 53 166 197 131 80 135 
83 115 239 21 243 164 109 134 251 3 175 180 216 149 39 231 164 23 152 100 149 156 242 230 83 96 170 111 48 56 57 194 28 193 235 201 188 178 237 252 73 157 72 37 246 160 179 3 106 240 233 118 100 222 109 81 104 229 74 148 99 118 200 192 
82 207 230 29 93 248 222 181 192 127 163 156 141 127 157 225 135 20 228 97 130 34 187 51 124 166 133 203 35 157 161 64 250 198 142 34 177 247 246 135 161 174 229 126 64 14 85 212 69 148 184 197 93 181 168 83 108 51 175 105 55 155 199 21 
158 136 199 36 249 14 192 100 152 208 14 33 180 90 105 36 195 200 173 132 143 28 75 74 241 110 186 155 162 99 17 40 7 76 20 253 53 87 148 138 66 110 218 55 138 45 211 155 142 230 205 230 246 34 148 196 220 10 187 46 89 73 71 115 
146 190 250 52 69 76 2 85 64 100 167 69 239 21 47 235 233 71 67 164 123 142 89 128 81 8 77 156 70 163 173 7 150 172 36 45 106 199 182 152 125 222 97 16 103 14 63 52 99 160 128 58 251 195 118 127 43 247 48 122 27 51 118 8 
212 213 133 113 97 202 52 169 119 91 127 58 249 217 122 168 193 58 210 14 177 99 50 201 75 29 174 32 71 236 18 132 169 143 24 168 117 74 103 197 26 125 222 34 181 182 160 68 5 223 2 122 195 207 37 201 104 61 33 104 170 22 38 119 
159 196 244 176 161 24 190 50 56 229 64 236 203 39 74 111 212 185 163 202 127 135 207 215 163 40 85 86 151 164 133 219 14 179 251 25 61 79 153 252 56 148 228 17 181 227 2 100 247 222 252 135 82 242 209 129 81 106 186 211 58 246 161 76 
62 213 156 107 113 96 219 30 5 86 229 193 36 194 70 19 202 119 125 224 92 176 81 37 170 180 62 179 121 196 149 106 57 136 183 131 163 174 233 180 249 85 92 124 40 220 74 179 31 244 222 44 76 40 47 136 33 130 80 230 125 43 17 222 
54 250 68 152 242 174 40 122 245 182 132 166 201 94 174 125 87 112 205 214 143 158 78 23 111 147 54 116 173 242 174 5 139 214 242 59 69 115 164 16 52 127 183 113 27 4 250 51 110 189 134 170 77 54 63 194 194 254 7 116 130 107 120 91 
66 18 186 238 18 150 4 220 219 197 100 228 225 79 167 35 81 240 205 232 173 246 168 202 202 182 134 184 214 75 143 9 125 114 132 119 249 168 229 81 190 18 115 235 128 229 116 220 41 77 190 214 14 72 113 60 28 98 1 47 169 151 185 218 
95 173 84 161 146 126 252 140 204 131 74 16 24 142 221 223 153 15 17 19 84 144 55 250 43 86 150 153 153 68 91 212 150 112 60 127 69 157 200 12 150 152 199 39 15 13 184 197 35 23 4 136 232 251 5 206 50 109 16 176 7 59 61 41 
146 66 66 172 114 67 41 148 9 202 240 188 200 100 189 68 184 141 200 129 137 136 199 180 18 6 186 47 80 231 99 92 148 26 45 196 44 176 78 76 189 230 136 130 17 102 234 172 202 194 14 45 84 165 118 232 139 187 19 149 228 191 206 15 
97 36 252 92 121 23 99 148 92 209 222 119 144 92 156 184 53 188 182 248 201 175 82 192 219 218 85 237 8 119 225 93 147 24 188 90 60 20 210 226 119 231 252 222 111 117 162 195 13 204 229 241 230 194 7 152 149 121 117 19 45 168 173 138 
7 75 52 170 172 126 20 79 1 193 105 61 238 225 34 115 194 89 210 205 111 213 122 206 38 87 211 243 232 218 211 121 229 29 223 135 223 226 95 109 50 84 169 188 242 71 227 228 160 53 164 77 254 197 122 194 109 99 208 212 157 139 210 49 
15 153 232 81 49 182 121 76 68 62 36 201 174 106 78 60 64 211 211 146 13 84 249 96 29 132 123 34 73 152 51 157 210 239 236 31 56 139 61 147 90 229 141 208 123 64 123 155 211 119 170 38 169 154 40 173 162 236 29 234 38 48 248 95 
201 181 210 228 47 21 254 174 157 161 253 183 58 12 35 189 60 85 53 130 103 47 31 139 122 129 148 157 43 11 27 205 152 244 184 255 178 224 11 79 81 240 143 163 35 37 122 75 155 131 63 15 221 199 130 136 210 69 119 38 209 203 203 78 
119 180 65 104 158 136 128 8 26 120 154 239 36 192 165 62 132 229 243 208 163 34 83 253 30 179 155 123 165 102 77 156 70 164 53 176 183 78 129 177 19 112 178 43 161 244 80 17 254 32 189 22 27 157 90 68 51 44 208 13 200 161 163 216 
44 65 184 123 202 8 203 174 166 173 113 232 105 171 24 197 14 204 253 40 245 215 8 229 104 6 56 146 124 212 60 234 135 217 18 110 133 230 61 58 29 51 169 61 51 117 123 183 62 225 161 16 88 148 19 84 102 20 94 224 157 164 236 101 
17 173 174 122 187 70 105 218 246 48 197 132 98 165 54 19 162 123 56 164 35 186 156 242 160 194 211 176 114 165 182 246 123 156 38 125 109 166 209 92 137 74 79 106 62 201 193 77 35 62 152 82 146 118 202 80 116 2 230 101 142 84 119 43 
80 27 237 176 104 20 199 166 103 14 191 77 116 77 41 29 60 187 190 173 223 191 114 239 54 239 36 145 237 88 68 65 234 169 38 40 227 71 190 120 113 192 48 244 190 166 122 133 168 42 155 38 98 212 196 251 19 26 66 246 181 176 211 199 
53 139 17 246 242 163 37 189 204 163 30 161 20 145 195 98 217 254 39 47 105 52 245 46 248 127 217 123 159 201 203 62 58 40 110 172 180 245 102 245 96 143 233 167 195 20 124 72 248 190 104 139 133 51 74 198 66 217 18 236 200 121 174 105 
17 3 123 80 189 5 47 72 2 165 183 124 149 43 45 89 111 104 3 164 22 149 176 54 185 69 96 184 30 22 46 1 158 21 157 39 13 208 150 221 101 132 170 239 195 34 146 144 74 173 77 165 193 87 47 108 171 115 35 220 232 214 51 95 
233 218 113 79 208 218 134 166 86 139 151 112 122 170 213 117 250 99 202 122 241 252 191 183 71 220 192 144 237 182 221 55 140 43 109 168 168 66 187 163 30 7 62 241 230 93 84 220 202 141 176 17 156 107 34 110 231 236 132 247 3 212 58 124 
174 78 120 17 219 227 98 99 73 19 28 250 6 209 69 16 136 106 14 137 71 2 211 161 18 78 213 189 197 44 48 5 96 213 58 42 94 115 177 93 1 223 57 2 101 175 178 236 109 110 13 115 171 66 11 179 252 105 215 69 72 70 218 164 
2 176 41 237 64 67 17 165 108 90 96 54 157 81 204 174 47 129 40 40 179 39 70 89 252 221 154 82 11 190 165 238 158 213 219 110 129 149 211 187 169 147 236 88 228 227 212 115 196 220 62 196 123 21 184 105 8 187 252 159 59 53 120 238 
172 198 130 90 169 187 66 248 118 168 8 31 9 219 61 193 34 239 228 140 52 255 116 181 233 31 216 141 56 54 141 11 183 232 152 240 161 224 141 118 183 14 174 128 231 144 137 36 36 98 194 230 12 66 88 16 10 119 54 173 28 181 154 162 
91 77 95 35 158 87 222 191 170 150 122 41 194 99 179 248 210 214 174 148 64 131 152 153 201 214 46 94 156 44 66 138 132 255 142 151 109 246 160 225 155 129 170 72 118 147 106 54 238 198 203 67 69 50 131 178 41 23 73 49 125 113 61 137 
230 170 236 23 138 204 184 109 176 191 128 75 108 92 53 74 42 25 60 192 167 96 165 37 20 132 172 212 69 159 117 167 214 86 142 32 156 168 7 69 72 62 4 190 2 21 31 166 49 55 200 2 63 126 118 57 222 80 124 244 14 95 52 25 
175 140 196 6 89 12 219 183 95 1 233 188 68 81 163 76 95 235 230 25 13 26 1 235 182 171 33 155 199 182 210 34 191 194 161 48 22 138 126 131 209 154 97 13 157 97 68 63 236 199 250 191 138 82 65 247 27 228 82 246 149 134 48 96 
121 178 10 132 244 173 26 178 10 219 51 114 83 173 205 45 24 9 88 249 75 54 220 255 133 153 126 78 245 162 113 40 118 232 21 186 196 223 189 193 202 122 223 111 44 208 215 43 7 180 145 100 223 117 85 75 13 197 183 71 75 127 215 246 
245 210 114 54 161 119 39 63 24 94 27 67 240 149 184 235 66 39 157 33 60 224 126 146 121 156 70 138 121 62 6 250 41 226 25 116 231 140 51 75 61 169 52 174 101 24 245 161 205 209 177 142 238 127 111 85 86 176 61 181 81 25 113 157 
101 208 60 52 146 138 17 222 113 251 102 61 143 187 162 189 82 50 19 106 139 21 221 56 197 238 102 90 129 107 154 2 247 190 177 39 146 206 124 222 50 123 89 114 9 38 211 31 131 134 133 198 133 253 254 168 183 144 170 73 114 237 2 169 
59 111 254 216 47 205 66 248 246 29 219 149 6 201 65 94 101 174 251 237 74 145 234 4 53 212 248 184 239 240 123 54 53 33 166 203 52 172 3 102 146 216 212 135 108 97 228 201 240 20 184 201 73 194 106 223 17 120 191 105 166 135 1 127 
172 151 76 152 189 30 5 118 47 244 171 127 129 188 203 243 83 219 202 150 122 191 181 255 146 56 171 148 19 200 21 104 145 35 242 56 208 66 180 9 215 246 79 82 244 253 109 114 109 92 119 204 159 220 178 64 170 176 223 158 124 151 195 104 
70 154 250 164 181 99 79 156 157 242 201 117 8 226 116 138 116 175 105 71 9 184 129 162 142 176 81 217 77 202 200 132 125 66 28 11 188 248 143 136 243 193 194 115 139 54 89 172 19 125 173 27 210 194 247 42 72 70 133 181 164 153 93 214 
63 226 93 251 154 219 77 155 252 235 17 6 101 46 132 64 68 24 210 75 103 150 65 143 190 100 25 101 36 235 109 142 170 139 214 85 178 63 37 25 11 44 73 157 60 164 149 97 168 94 39 252 189 184 116 20 102 121 209 118 49 81 99 59 
25 173 255 2 160 71 207 253 167 66 95 32 37 73 3 224 92 93 132 102 217 152 85 165 226 160 124 38 83 83 132 78 1 142 232 213 163 60 223 7 161 170 154 29 205 166 38 153 9 242 189 219 243 5 209 203 68 69 2 166 188 6 159 181 
121 173 29 205 156 240 168 13 246 58 121 222 80 137 102 16 138 229 168 186 148 140 185 88 119 181 247 133 98 119 174 200 236 117 89 247 55 208 186 167 36 90 49 133 249 38 16 199 177 96 13 27 167 79 150 37 80 226 174 132 102 123 102 79 
95 4 242 146 58 140 94 11 30 16 65 13 30 36 163 95 128 150 138 36 152 74 208 27 178 49 221 229 254 75 253 227 21 181 53 128 3 230 143 27 196 163 84 77 169 229 48 59 47 162 247 103 96 118 96 156 26 19 14 201 221 246 164 110 
172 126 241 132 161 123 233 125 195 167 238 33 230 89 95 59 134 241 182 181 118 94 61 24 93 252 97 38 232 173 137 220 119 169 129 144 142 113 141 49 242 173 119 43 236 99 169 55 77 30 192 184 1 97 241 102 232 18 103 122 129 115 36 111 
29 84 236 132 54 72 22 250 204 15 94 95 96 231 212 97 103 1 108 42 221 82 154 240 8 96 49 74 62 89 35 133 146 81 136 206 198 8 183 21 173 219 20 205 225 53 3 206 160 118 30 146 111 127 96 174 191 82 181 11 239 157 185 239 
127 10 228 182 27 134 153 35 253 109 67 32 142 61 120 253 132 254 147 15 172 194 147 123 31 104 121 63 108 48 237 192 21 1 249 122 105 61 83 8 178 255 65 76 185 14 156 94 76 100 1 99 95 166 128 218 65 142 192 215 241 32 66 3 
45 221 3 237 2 191 219 25 165 105 203 54 157 107 113 44 239 55 38 132 95 221 50 168 95 225 109 50 112 202 191 197 82 38 168 141 63 238 2 15 208 117 111 2 54 25 236 99 175 94 57 13 205 221 77 130 214 58 198 96 197 21 124 50 
144 106 191 64 3 240 58 24 221 38 82 43 45 138 247 29 124 177 13 93 223 178 52 14 104 149 212 36 14 87 6 57 158 101 55 181 145 14 76 1 243 125 225 201 250 77 150 180 82 241 16 23 18 224 102 107 151 30 80 91 185 2 146 102 
250 162 211 86 134 238 24 108 12 178 206 14 203 227 149 17 234 140 122 201 195 182 103 10 192 225 85 198 253 230 160 78 62 172 250 249 36 136 164 146 230 198 65 118 196 168 68 164 236 67 139 159 252 21 114 223 197 220 170 225 16 217 40 12 
109 22 102 219 117 106 136 153 29 188 184 100 67 20 101 171 47 226 104 148 41 64 158 46 252 99 172 250 112 158 185 185 147 135 95 237 252 177 239 196 120 2 221 100 143 90 142 35 131 130 139 149 220 122 67 228 183 208 122 200 159 55 199 184 
181 8 68 216 66 194 57 137 117 105 93 92 64 218 23 91 132 87 238 232 211 187 119 131 127 39 252 80 112 70 76 13 152 67 247 233 46 78 126 5 98 181 125 1 128 149 65 126 11 90 27 67 212 103 29 167 46 205 254 169 188 140 19 189 
77 84 194 245 170 158 248 27 110 152 57 240 128 58 205 73 184 111 228 200 12 10 100 178 63 69 63 199 228 116 49 40 90 6 95 161 95 126 17 2 41 204 29 88 218 160 13 111 4 154 198 147 74 24 154 45 55 196 105 145 188 246 44 197 
224 53 71 182 38 246 53 82 136 235 101 170 13 97 198 37 254 57 161 106 28 84 214 35 189 249 98 55 73 42 18 40 39 2 205 15 72 128 19 213 139 124 72 23 145 207 242 101 161 68 114 213 46 37 224 197 102 255 155 51 89 173 75 210 
131 247 39 93 28 122 88 166 178 208 156 122 213 10 172 16 200 57 173 97 128 105 143 129 81 215 89 228 62 211 160 70 182 61 254 227 233 112 2 5 161 161 166 78 33 226 122 168 51 108 179 38 249 93 125 217 153 118 146 189 169 94 6 212 
58 118 36 229 8 34 35 179 181 46 29 85 239 145 197 241 71 70 55 105 166 201 96 83 98 224 232 146 60 235 88 221 88 226 43 87 86 249 132 30 209 47 205 147 143 119 18 86 145 211 154 240 251 215 10 83 131 122 105 172 124 55 97 215 
116 210 68 146 73 43 105 180 140 57 165 49 206 234 126 245 185 114 232 228 48 220 163 240 111 45 68 109 77 37 46 85 101 103 149 151 169 245 121 242 126 150 130 82 164 108 227 39 75 135 157 217 235 121 109 24 208 255 37 120 167 149 133 168 
48 149 147 66 225 41 97 244 73 79 2 252 77 47 25 64 205 232 212 28 222 57 70 147 169 121 244 40 243 169 51 121 100 4 66 59 194 194 113 13 153 138 128 61 193 118 169 20 213 175 155 245 122 206 99 122 56 95 133 212 58 211 20 210 
180 220 218 234 244 163 131 189 82 82 130 248 134 38 130 196 173 22 167 173 164 169 230 168 159 75 7 44 88 228 36 100 163 250 122 149 157 243 89 119 201 67 10 57 112 209 46 250 102 246 206 14 97 83 86 100 131 159 217 39 126 193 62 193 
194 160 115 168 48 250 242 255 163 41 208 38 166 179 80 184 163 19 58 183 96 187 236 50 119 179 239 178 204 121 91 140 166 88 9 59 251 143 161 186 150 130 175 248 217 85 66 248 4 207 139 125 97 18 72 156 13 84 147 2 197 117 34 95 
58 232 250 178 157 51 122 255 143 126 240 133 102 173 168 130 179 130 68 190 147 112 246 129 115 137 112 73 229 138 2 179 66 35 159 93 48 232 211 131 217 233 86 165 192 8 235 22 13 163 143 86 115 82 161 153 240 78 4 108 39 33 252 5 
183 134 239 204 191 40 2 161 44 118 66 60 128 195 116 220 18 197 187 191 134 189 243 172 23 19 158 145 94 134 60 38 22 189 12 250 198 100 100 80 170 14 208 99 81 125 254 12 204 88 5 120 105 176 233 172 13 14 88 190 223 140 114 190 
13 182 220 230 232 14 38 7 220 252 199 157 254 101 241 55 175 180 183 180 211 144 176 178 31 76 88 202 203 101 62 14 69 155 77 130 236 223 83 130 147 181 172 113 123 203 111 55 250 224 227 40 160 35 192 220 79 216 131 75 142 180 109 45 
94 52 222 30 150 18 107 107 193 104 95 113 40 14 153 92 250 104 104 249 71 44 220 174 118 139 17 102 84 20 88 104 88 238 31 197 162 218 155 85 249 181 107 80 239 242 1 15 132 131 222 43 50 235 211 128 112 255 254 239 191 174 114 123 
76 222 75 88 148 143 128 55 172 181 119 21 82 75 222 137 186 55 71 121 160 125 208 104 182 16 135 103 102 128 243 253 127 46 150 126 210 126 13 58 20 134 180 141 84 62 37 130 81 167 191 231 247 80 75 250 193 125 25 7 167 187 181 179 
193 89 128 49 100 184 37 255 120 24 16 248 29 138 162 156 18 48 218 7 165 192 222 97 234 64 51 36 195 95 228 132 226 118 107 58 153 102 217 203 198 11 14 50 57 219 254 180 145 244 104 162 239 244 211 25 222 78 134 150 175 178 64 227 
39 156 7 194 108 220 249 96 86 246 46 122 134 198 139 84 151 3 214 145 53 11 38 180 246 57 160 111 31 36 50 202 228 233 106 243 16 249 10 105 184 4 127 241 118 91 135 187 216 64 147 58 211 12 100 145 247 220 210 166 80 131 208 183 
69 42 12 16 174 79 64 126 123 230 34 13 154 74 141 59 204 203 169 71 188 208 126 79 218 223 32 153 122 161 64 32 120 19 147 85 187 72 173 170 187 130 101 144 217 114 135 230 137 11 102 14 91 62 67 33 136 9 150 252 191 154 235 50 
116 172 37 92 53 179 51 14 255 209 192 75 254 42 212 246 78 234 149 30 195 173 55 46 61 42 44 252 35 32 135 85 28 201 17 32 248 72 132 157 27 219 150 77 20 185 186 9 133 3 57 242 127 187 97 194 51 49 135 116 166 201 179 200 
171 209 34 212 203 37 80 156 193 218 59 13 78 180 14 214 15 73 53 195 83 109 12 44 255 29 89 209 23 211 81 223 107 237 246 32 85 178 246 111 190 182 233 78 112 251 65 214 35 88 189 67 174 210 193 237 197 32 13 121 211 247 29 119 
160 197 51 113 13 64 206 159 53 42 43 15 81 61 103 116 47 175 78 205 25 143 252 64 165 71 85 181 231 153 172 47 231 156 136 77 96 188 16 101 197 66 248 97 85 172 17 195 50 240 219 87 21 82 55 110 199 204 41 115 199 119 106 29 
235 55 248 252 19 115 205 98 60 251 186 133 124 92 132 77 77 159 222 32 128 41 35 115 61 8 19 137 47 102 31 93 212 11 35 236 173 246 237 91 25 50 129 11 17 118 113 87 155 149 6 119 48 116 33 178 152 97 142 34 126 203 47 117 
229 107 114 87 25 84 138 165 85 204 183 234 36 111 52 160 161 59 185 219 190 240 129 239 210 41 54 94 221 243 100 23 27 114 84 52 216 190 97 135 28 187 105 7 62 2 47 40 161 45 167 129 97 185 209 62 188 58 15 148 101 94 144 203 
122 150 99 241 225 57 141 178 15 238 2 43 138 206 219 149 149 252 1 151 1 142 88 43 7 159 32 251 103 162 4 57 45 139 101 42 88 222 196 210 35 144 244 127 216 121 80 7 31 122 123 46 122 159 231 147 149 242 243 140 138 52 239 213 
205 34 221 110 130 21 209 169 94 240 196 234 186 220 68 198 164 163 74 145 61 165 16 218 238 236 149 221 206 158 226 4 120 125 178 146 91 21 80 193 10 177 67 11 186 155 168 253 173 189 130 11 242 124 155 9 187 191 224 199 211 235 166 127 
142 41 237 222 27 125 249 70 225 224 213 248 200 211 20 131 144 74 154 254 206 82 175 105 226 142 225 29 159 62 56 241 76 111 128 2 140 68 245 99 65 193 171 182 220 252 173 101 254 32 82 212 172 123 123 5 210 179 35 11 192 66 34 49 
